Risultati per il solver: Backtraking - Difficoltà: difficile

Test del Sudoku:
	[0, 4, 0, 0, 0, 6, 3, 0, 0]
	[0, 0, 0, 7, 4, 0, 0, 0, 0]
	[0, 9, 2, 0, 0, 0, 0, 0, 7]
	[0, 0, 0, 6, 0, 0, 0, 3, 0]
	[0, 7, 0, 0, 0, 0, 0, 0, 9]
	[0, 0, 6, 0, 0, 0, 2, 0, 0]
	[5, 0, 4, 0, 0, 0, 0, 0, 0]
	[0, 0, 0, 0, 5, 0, 4, 0, 0]
	[0, 0, 8, 0, 6, 1, 0, 0, 0]
	Tempo: 0.006 secondi
	Ricorsioni: 1015
	Soluzione trovata:
	[1, 4, 7, 2, 8, 6, 3, 9, 5]
	[3, 6, 5, 7, 4, 9, 1, 2, 8]
	[8, 9, 2, 1, 3, 5, 6, 4, 7]
	[9, 5, 1, 6, 7, 2, 8, 3, 4]
	[2, 7, 3, 8, 1, 4, 5, 6, 9]
	[4, 8, 6, 5, 9, 3, 2, 7, 1]
	[5, 3, 4, 9, 2, 8, 7, 1, 6]
	[6, 1, 9, 3, 5, 7, 4, 8, 2]
	[7, 2, 8, 4, 6, 1, 9, 5, 3]
========================================
Risultati per il solver: Backtraking - Difficoltà: difficile

Test del Sudoku:
	[0, 6, 5, 0, 4, 0, 0, 0, 0]
	[4, 3, 0, 0, 0, 1, 0, 2, 0]
	[0, 0, 0, 0, 0, 0, 0, 0, 4]
	[0, 2, 3, 0, 5, 0, 7, 0, 0]
	[0, 0, 6, 0, 0, 0, 0, 0, 0]
	[0, 0, 0, 0, 0, 0, 0, 0, 0]
	[0, 8, 9, 0, 0, 0, 4, 0, 0]
	[0, 0, 0, 9, 0, 0, 0, 0, 0]
	[6, 0, 0, 4, 2, 0, 9, 0, 0]
	Tempo: 0.014 secondi
	Ricorsioni: 1760
	Soluzione trovata:
	[1, 6, 5, 2, 4, 3, 8, 7, 9]
	[4, 3, 7, 8, 9, 1, 5, 2, 6]
	[2, 9, 8, 5, 6, 7, 1, 3, 4]
	[8, 2, 3, 6, 5, 4, 7, 9, 1]
	[7, 1, 6, 3, 8, 9, 2, 4, 5]
	[9, 5, 4, 1, 7, 2, 3, 6, 8]
	[3, 8, 9, 7, 1, 6, 4, 5, 2]
	[5, 4, 2, 9, 3, 8, 6, 1, 7]
	[6, 7, 1, 4, 2, 5, 9, 8, 3]
========================================
Risultati per il solver: Backtraking - Difficoltà: difficile

Test del Sudoku:
	[0, 0, 0, 0, 1, 0, 0, 0, 8]
	[0, 0, 0, 9, 0, 0, 0, 0, 6]
	[0, 1, 0, 0, 0, 0, 0, 0, 9]
	[0, 8, 0, 7, 4, 0, 0, 0, 5]
	[5, 4, 0, 0, 2, 0, 0, 0, 0]
	[0, 0, 0, 6, 0, 0, 0, 0, 0]
	[0, 0, 1, 8, 0, 2, 0, 7, 0]
	[4, 0, 0, 0, 7, 0, 0, 0, 0]
	[0, 0, 0, 0, 0, 0, 0, 8, 0]
	Tempo: 0.022 secondi
	Ricorsioni: 2923
	Soluzione trovata:
	[2, 3, 9, 4, 1, 6, 7, 5, 8]
	[7, 5, 4, 9, 3, 8, 1, 2, 6]
	[8, 1, 6, 2, 5, 7, 3, 4, 9]
	[6, 8, 2, 7, 4, 3, 9, 1, 5]
	[5, 4, 3, 1, 2, 9, 8, 6, 7]
	[1, 9, 7, 6, 8, 5, 4, 3, 2]
	[3, 6, 1, 8, 9, 2, 5, 7, 4]
	[4, 2, 8, 5, 7, 1, 6, 9, 3]
	[9, 7, 5, 3, 6, 4, 2, 8, 1]
========================================
Risultati per il solver: Backtraking - Difficoltà: difficile

Test del Sudoku:
	[0, 0, 0, 6, 0, 3, 0, 0, 0]
	[0, 0, 4, 2, 0, 0, 0, 0, 5]
	[0, 0, 6, 0, 5, 8, 4, 7, 0]
	[0, 0, 9, 0, 0, 0, 0, 0, 0]
	[0, 3, 0, 0, 0, 4, 0, 0, 0]
	[0, 0, 0, 0, 1, 0, 0, 0, 8]
	[9, 0, 0, 0, 0, 6, 0, 0, 0]
	[4, 0, 0, 0, 0, 5, 0, 0, 0]
	[0, 0, 3, 0, 0, 7, 0, 0, 0]
	Tempo: 0.216 secondi
	Ricorsioni: 29640
	Soluzione trovata:
	[1, 5, 7, 6, 4, 3, 2, 8, 9]
	[8, 9, 4, 2, 7, 1, 3, 6, 5]
	[3, 2, 6, 9, 5, 8, 4, 7, 1]
	[5, 1, 9, 3, 8, 2, 6, 4, 7]
	[7, 3, 8, 5, 6, 4, 1, 9, 2]
	[6, 4, 2, 7, 1, 9, 5, 3, 8]
	[9, 8, 5, 4, 2, 6, 7, 1, 3]
	[4, 7, 1, 8, 3, 5, 9, 2, 6]
	[2, 6, 3, 1, 9, 7, 8, 5, 4]
========================================
Risultati per il solver: Backtraking - Difficoltà: difficile

Test del Sudoku:
	[0, 0, 6, 0, 0, 0, 0, 0, 3]
	[0, 2, 1, 0, 9, 0, 0, 0, 0]
	[4, 0, 0, 0, 5, 6, 0, 0, 0]
	[9, 0, 0, 0, 7, 0, 0, 4, 5]
	[0, 0, 3, 0, 6, 9, 8, 0, 0]
	[0, 0, 0, 4, 0, 0, 0, 0, 0]
	[0, 0, 0, 0, 4, 8, 0, 0, 0]
	[0, 0, 0, 9, 0, 0, 0, 0, 0]
	[0, 0, 0, 0, 0, 0, 0, 3, 0]
	Tempo: 0.001 secondi
	Ricorsioni: 75
	Soluzione trovata:
	[5, 7, 6, 1, 2, 4, 9, 8, 3]
	[3, 2, 1, 8, 9, 7, 4, 5, 6]
	[4, 8, 9, 3, 5, 6, 1, 2, 7]
	[9, 1, 8, 2, 7, 3, 6, 4, 5]
	[2, 4, 3, 5, 6, 9, 8, 7, 1]
	[6, 5, 7, 4, 8, 1, 3, 9, 2]
	[1, 3, 2, 7, 4, 8, 5, 6, 9]
	[7, 6, 4, 9, 3, 5, 2, 1, 8]
	[8, 9, 5, 6, 1, 2, 7, 3, 4]
========================================
