Risultati per il solver: Backtracking_MRV - Difficoltà: difficile

Test del Sudoku:
	[0, 4, 0, 0, 0, 0, 7, 0, 0]
	[0, 0, 0, 0, 0, 0, 9, 0, 0]
	[0, 0, 0, 0, 3, 1, 0, 5, 0]
	[0, 0, 8, 7, 0, 4, 3, 0, 0]
	[0, 9, 0, 0, 0, 3, 0, 0, 0]
	[0, 0, 0, 6, 2, 0, 0, 0, 0]
	[0, 6, 0, 0, 0, 0, 0, 0, 0]
	[4, 0, 3, 0, 0, 0, 0, 0, 0]
	[0, 0, 0, 0, 0, 5, 2, 6, 0]
	Tempo: 0.020 secondi
	Ricorsioni: 78
	Soluzione trovata:
	[5, 4, 9, 8, 6, 2, 7, 1, 3]
	[3, 1, 6, 5, 4, 7, 9, 8, 2]
	[8, 2, 7, 9, 3, 1, 4, 5, 6]
	[6, 5, 8, 7, 9, 4, 3, 2, 1]
	[7, 9, 2, 1, 5, 3, 6, 4, 8]
	[1, 3, 4, 6, 2, 8, 5, 7, 9]
	[2, 6, 5, 4, 1, 9, 8, 3, 7]
	[4, 7, 3, 2, 8, 6, 1, 9, 5]
	[9, 8, 1, 3, 7, 5, 2, 6, 4]
========================================
