Risultati per il solver: Dancing_Links - Difficoltà: difficile

Test del Sudoku:
	[0, 4, 0, 0, 0, 0, 7, 0, 0]
	[0, 0, 0, 0, 0, 0, 9, 0, 0]
	[0, 0, 0, 0, 3, 1, 0, 5, 0]
	[0, 0, 8, 7, 0, 4, 3, 0, 0]
	[0, 9, 0, 0, 0, 3, 0, 0, 0]
	[0, 0, 0, 6, 2, 0, 0, 0, 0]
	[0, 6, 0, 0, 0, 0, 0, 0, 0]
	[4, 0, 3, 0, 0, 0, 0, 0, 0]
	[0, 0, 0, 0, 0, 5, 2, 6, 0]
	Tempo: 0.004 secondi
	Ricorsioni: 62
	Soluzione trovata:
	[5, 4, 9, 8, 6, 2, 7, 1, 3]
	[1, 3, 6, 5, 4, 7, 9, 8, 2]
	[8, 7, 2, 9, 3, 1, 4, 5, 6]
	[6, 2, 8, 7, 5, 4, 3, 9, 1]
	[7, 9, 4, 1, 8, 3, 6, 2, 5]
	[3, 5, 1, 6, 2, 9, 8, 4, 7]
	[2, 6, 5, 4, 7, 8, 1, 3, 9]
	[4, 1, 3, 2, 9, 6, 5, 7, 8]
	[9, 8, 7, 3, 1, 5, 2, 6, 4]
========================================
