Risultati per il solver: Backtraking_MRV - Difficoltà: difficile

Test del Sudoku:
	[0, 4, 0, 0, 0, 6, 3, 0, 0]
	[0, 0, 0, 7, 4, 0, 0, 0, 0]
	[0, 9, 2, 0, 0, 0, 0, 0, 7]
	[0, 0, 0, 6, 0, 0, 0, 3, 0]
	[0, 7, 0, 0, 0, 0, 0, 0, 9]
	[0, 0, 6, 0, 0, 0, 2, 0, 0]
	[5, 0, 4, 0, 0, 0, 0, 0, 0]
	[0, 0, 0, 0, 5, 0, 4, 0, 0]
	[0, 0, 8, 0, 6, 1, 0, 0, 0]
	Tempo: 0.022 secondi
	Ricorsioni: 87
	Soluzione trovata:
	[1, 4, 7, 8, 9, 6, 3, 2, 5]
	[6, 5, 3, 7, 4, 2, 1, 9, 8]
	[8, 9, 2, 3, 1, 5, 6, 4, 7]
	[2, 1, 9, 6, 7, 8, 5, 3, 4]
	[3, 7, 5, 1, 2, 4, 8, 6, 9]
	[4, 8, 6, 5, 3, 9, 2, 7, 1]
	[5, 6, 4, 9, 8, 3, 7, 1, 2]
	[9, 3, 1, 2, 5, 7, 4, 8, 6]
	[7, 2, 8, 4, 6, 1, 9, 5, 3]
========================================
Risultati per il solver: Backtraking_MRV - Difficoltà: difficile

Test del Sudoku:
	[0, 6, 5, 0, 4, 0, 0, 0, 0]
	[4, 3, 0, 0, 0, 1, 0, 2, 0]
	[0, 0, 0, 0, 0, 0, 0, 0, 4]
	[0, 2, 3, 0, 5, 0, 7, 0, 0]
	[0, 0, 6, 0, 0, 0, 0, 0, 0]
	[0, 0, 0, 0, 0, 0, 0, 0, 0]
	[0, 8, 9, 0, 0, 0, 4, 0, 0]
	[0, 0, 0, 9, 0, 0, 0, 0, 0]
	[6, 0, 0, 4, 2, 0, 9, 0, 0]
	Tempo: 0.018 secondi
	Ricorsioni: 68
	Soluzione trovata:
	[8, 6, 5, 2, 4, 9, 1, 3, 7]
	[4, 3, 7, 5, 8, 1, 6, 2, 9]
	[9, 1, 2, 3, 6, 7, 5, 8, 4]
	[1, 2, 3, 6, 5, 4, 7, 9, 8]
	[5, 9, 6, 8, 7, 2, 3, 4, 1]
	[7, 4, 8, 1, 9, 3, 2, 5, 6]
	[2, 8, 9, 7, 3, 6, 4, 1, 5]
	[3, 7, 4, 9, 1, 5, 8, 6, 2]
	[6, 5, 1, 4, 2, 8, 9, 7, 3]
========================================
Risultati per il solver: Backtraking_MRV - Difficoltà: difficile

Test del Sudoku:
	[0, 0, 0, 0, 1, 0, 0, 0, 8]
	[0, 0, 0, 9, 0, 0, 0, 0, 6]
	[0, 1, 0, 0, 0, 0, 0, 0, 9]
	[0, 8, 0, 7, 4, 0, 0, 0, 5]
	[5, 4, 0, 0, 2, 0, 0, 0, 0]
	[0, 0, 0, 6, 0, 0, 0, 0, 0]
	[0, 0, 1, 8, 0, 2, 0, 7, 0]
	[4, 0, 0, 0, 7, 0, 0, 0, 0]
	[0, 0, 0, 0, 0, 0, 0, 8, 0]
	Tempo: 0.029 secondi
	Ricorsioni: 95
	Soluzione trovata:
	[7, 9, 6, 4, 1, 5, 2, 3, 8]
	[8, 5, 2, 9, 3, 7, 4, 1, 6]
	[3, 1, 4, 2, 8, 6, 7, 5, 9]
	[6, 8, 9, 7, 4, 3, 1, 2, 5]
	[5, 4, 7, 1, 2, 8, 9, 6, 3]
	[1, 2, 3, 6, 5, 9, 8, 4, 7]
	[9, 3, 1, 8, 6, 2, 5, 7, 4]
	[4, 6, 8, 5, 7, 1, 3, 9, 2]
	[2, 7, 5, 3, 9, 4, 6, 8, 1]
========================================
Risultati per il solver: Backtraking_MRV - Difficoltà: difficile

Test del Sudoku:
	[0, 0, 0, 6, 0, 3, 0, 0, 0]
	[0, 0, 4, 2, 0, 0, 0, 0, 5]
	[0, 0, 6, 0, 5, 8, 4, 7, 0]
	[0, 0, 9, 0, 0, 0, 0, 0, 0]
	[0, 3, 0, 0, 0, 4, 0, 0, 0]
	[0, 0, 0, 0, 1, 0, 0, 0, 8]
	[9, 0, 0, 0, 0, 6, 0, 0, 0]
	[4, 0, 0, 0, 0, 5, 0, 0, 0]
	[0, 0, 3, 0, 0, 7, 0, 0, 0]
	Tempo: 0.017 secondi
	Ricorsioni: 61
	Soluzione trovata:
	[5, 9, 7, 6, 4, 3, 2, 8, 1]
	[3, 8, 4, 2, 7, 1, 6, 9, 5]
	[1, 2, 6, 9, 5, 8, 4, 7, 3]
	[8, 1, 9, 5, 3, 2, 7, 4, 6]
	[7, 3, 5, 8, 6, 4, 1, 2, 9]
	[6, 4, 2, 7, 1, 9, 3, 5, 8]
	[9, 7, 1, 4, 8, 6, 5, 3, 2]
	[4, 6, 8, 3, 2, 5, 9, 1, 7]
	[2, 5, 3, 1, 9, 7, 8, 6, 4]
========================================
Risultati per il solver: Backtraking_MRV - Difficoltà: difficile

Test del Sudoku:
	[0, 0, 6, 0, 0, 0, 0, 0, 3]
	[0, 2, 1, 0, 9, 0, 0, 0, 0]
	[4, 0, 0, 0, 5, 6, 0, 0, 0]
	[9, 0, 0, 0, 7, 0, 0, 4, 5]
	[0, 0, 3, 0, 6, 9, 8, 0, 0]
	[0, 0, 0, 4, 0, 0, 0, 0, 0]
	[0, 0, 0, 0, 4, 8, 0, 0, 0]
	[0, 0, 0, 9, 0, 0, 0, 0, 0]
	[0, 0, 0, 0, 0, 0, 0, 3, 0]
	Tempo: 0.019 secondi
	Ricorsioni: 61
	Soluzione trovata:
	[5, 7, 6, 1, 8, 2, 4, 9, 3]
	[8, 2, 1, 3, 9, 4, 5, 7, 6]
	[4, 3, 9, 7, 5, 6, 1, 2, 8]
	[9, 6, 2, 8, 7, 1, 3, 4, 5]
	[7, 4, 3, 5, 6, 9, 8, 1, 2]
	[1, 5, 8, 4, 2, 3, 7, 6, 9]
	[3, 9, 7, 2, 4, 8, 6, 5, 1]
	[6, 1, 4, 9, 3, 5, 2, 8, 7]
	[2, 8, 5, 6, 1, 7, 9, 3, 4]
========================================
