Risultati per il solver: Backtraking_MRV - Difficoltà: medio

Test del Sudoku:
	[5, 0, 0, 0, 0, 0, 0, 0, 0]
	[9, 0, 0, 5, 0, 0, 3, 0, 2]
	[0, 2, 0, 0, 6, 0, 0, 0, 0]
	[0, 3, 0, 1, 0, 0, 7, 0, 0]
	[1, 7, 9, 0, 0, 0, 4, 0, 0]
	[2, 0, 0, 0, 7, 0, 6, 1, 0]
	[7, 0, 4, 0, 0, 2, 8, 0, 6]
	[0, 9, 0, 0, 0, 0, 0, 0, 7]
	[8, 0, 0, 4, 9, 0, 2, 5, 3]
	Tempo: 0.030 secondi
	Ricorsioni: 207
	Soluzione trovata:
	[5, 1, 7, 2, 3, 8, 9, 6, 4]
	[9, 8, 6, 5, 4, 1, 3, 7, 2]
	[4, 2, 3, 7, 6, 9, 5, 8, 1]
	[6, 3, 5, 1, 8, 4, 7, 2, 9]
	[1, 7, 9, 6, 2, 5, 4, 3, 8]
	[2, 4, 8, 9, 7, 3, 6, 1, 5]
	[7, 5, 4, 3, 1, 2, 8, 9, 6]
	[3, 9, 2, 8, 5, 6, 1, 4, 7]
	[8, 6, 1, 4, 9, 7, 2, 5, 3]
========================================
